[SM1.1] 29 26 23 20 16 16 11 10 5
[SM1.3] 27 25 18 17 11 11 9 9 4
[SM1.4] 36 38 27 22 20 17 13 13 6
[SM2.1] 18 26 9 17 15 7 7 8 4
[SM2.2] 19 22 15 11 11 8 5 3 2
[SM2.3] 22 15 14 12 10 11 6 7 3
[SM2.6] 18 24 16 11 10 10 6 4 3
[SM2.7] 23 16 18 13 11 11 8 5 4
[SM3.1] 5 9 5 4 6 4 1 1 1
[SM3.2] 5 0 2 2 4 2 1 1 1
[SM3.3] 5 9 3 3 5 2 3 3 0
[SM3.4] 1 2 1 0 2 0 1 1 0
[CP1.1] 32 28 22 17 18 15 14 10 3
[CP1.2] 33 36 22 23 21 16 14 13 7
[CP1.3] 24 30 17 16 18 12 7 9 5
[CP2.1] 15 19 9 12 11 9 7 3 4
[CP2.2] 13 17 15 6 6 11 8 4 2
[CP2.3] 21 21 17 12 12 10 10 5 2
[CP2.4] 20 18 10 11 7 7 6 7 4
[CP2.5] 25 21 16 17 14 10 8 5 2
[CP3.1] 3 11 3 3 6 3 3 3 1
[CP3.2] 4 8 3 1 1 2 3 3 1
[CP3.3] 3 2 2 3 2 1 0 0 0
[T1.1] 23 23 18 17 17 15 6 6 5
[T1.7] 15 20 10 13 10 9 3 6 4
[T1.8] 16 16 10 12 9 6 4 8 2
[T2.5] 15 8 10 8 8 6 2 5 2
[T2.8] 11 2 12 8 3 9 3 2 2
[T2.9] 11 13 9 7 6 7 3 5 4
[T3.1] 2 3 2 2 0 1 0 2 0
[T3.2] 8 8 6 8 6 5 2 3 1
[T3.3] 8 10 6 2 3 5 1 2 0
[T3.4] 5 10 4 3 5 2 3 5 1
[T3.5] 1 4 3 0 2 0 0 1 1
[T3.6] 2 1 1 2 1 0 0 0 0
[AM1.2] 17 34 9 13 14 8 11 10 6
[AM1.3] 7 17 7 4 7 5 5 6 2
[AM1.5] 13 22 12 11 13 9 9 6 3
[AM2.1] 2 6 3 1 3 4 2 3 1
[AM2.2] 3 5 4 2 2 3 1 1 0
[AM2.5] 5 3 6 3 2 5 2 1 1
[AM2.6] 4 1 5 2 3 4 1 0 0
[AM2.7] 7 5 5 4 1 4 2 1 0
[AM3.1] 2 0 1 1 2 2 0 0 1
[AM3.2] 2 0 2 2 0 1 1 1 0
[AM3.3] 2 3 0 2 1 1 0 0 0
[SFD1.1] 30 32 20 21 18 11 12 10 7
[SFD1.2] 32 19 21 19 16 16 11 8 5
[SFD2.1] 14 8 11 8 9 7 2 1 1
[SFD2.2] 22 13 14 14 8 12 4 3 4
[SFD3.1] 1 11 2 0 2 1 2 2 1
[SFD3.2] 6 4 2 6 3 1 0 1 1
[SFD3.3] 2 1 2 0 0 2 1 0 1
[SR1.1] 21 30 19 14 18 14 10 10 6
[SR1.2] 31 25 21 21 14 15 9 7 5
[SR1.3] 30 27 24 17 18 16 13 9 6
[SR2.2] 10 29 12 10 11 6 4 10 4
[SR2.4] 24 26 16 13 14 13 7 9 2
[SR2.5] 19 17 13 10 8 10 7 6 4
[SR3.1] 11 13 6 7 10 4 3 4 1
[SR3.2] 4 3 3 2 1 2 3 3 0
[SR3.3] 2 1 4 2 3 2 0 0 0
[SR3.4] 8 7 4 6 4 4 1 0 1
[AA1.1] 35 35 24 23 21 16 12 12 6
[AA1.2] 15 12 18 7 5 12 6 4 1
[AA1.3] 10 10 12 4 4 8 6 4 1
[AA1.4] 11 30 5 8 13 4 10 11 7
[AA2.1] 11 8 14 5 0 8 4 3 0
[AA2.2] 10 8 13 4 0 8 4 4 0
[AA3.1] 6 4 9 3 0 6 1 2 0
[AA3.2] 0 1 0 0 0 0 0 0 1
[AA3.3] 4 2 5 3 0 4 1 1 0
[CR1.2] 27 22 19 14 11 14 9 8 4
[CR1.4] 31 33 19 22 19 14 9 10 6
[CR1.5] 16 11 11 9 12 6 6 5 2
[CR1.6] 8 11 5 7 7 3 4 3 4
[CR1.7] 18 16 12 12 11 6 4 6 4
[CR2.6] 4 9 3 6 9 1 2 2 1
[CR2.7] 3 6 4 5 3 2 1 4 1
[CR3.2] 2 2 2 1 3 1 0 1 1
[CR3.3] 1 1 0 2 1 0 1 1 0
[CR3.4] 0 0 0 0 1 0 0 0 0
[CR3.5] 0 0 0 0 0 0 0 0 0
[ST1.1] 34 31 25 21 18 15 8 10 4
[ST1.3] 31 25 22 17 15 16 8 11 3
[ST1.4] 19 15 15 8 10 11 4 5 3
[ST2.4] 8 2 9 5 5 7 1 1 1
[ST2.5] 8 5 6 5 5 6 2 2 1
[ST2.6] 9 1 10 3 1 7 1 0 0
[ST3.3] 4 0 5 3 0 5 1 1 0
[ST3.4] 0 1 1 0 0 1 1 1 0
[ST3.5] 2 0 1 2 0 1 0 0 0
[ST3.6] 1 1 0 1 1 0 0 0 0
[PT1.1] 37 32 25 19 20 15 13 12 6
[PT1.2] 32 27 21 19 20 13 9 8 7
[PT1.3] 26 29 17 18 16 10 9 9 7
[PT2.2] 15 7 10 12 5 7 2 2 1
[PT2.3] 13 13 5 7 7 2 2 4 2
[PT3.1] 8 5 11 5 5 6 2 1 2
[PT3.2] 4 4 4 3 4 2 0 0 0
[SE1.1] 17 33 12 14 16 10 11 10 4
[SE1.2] 35 37 27 24 20 17 14 12 6
[SE2.2] 14 14 16 8 8 13 2 3 1
[SE2.4] 16 2 18 8 5 13 1 1 1
[SE2.5] 16 11 10 13 9 4 3 3 3
[SE2.6] 19 20 9 16 8 6 6 7 1
[SE2.7] 14 9 6 13 4 1 2 3 1
[SE3.2] 6 1 9 2 2 5 1 1 1
[SE3.3] 4 3 1 2 3 1 2 2 1
[SE3.6] 6 5 4 4 2 5 0 0 0
[CMVM1.1] 33 35 23 20 19 14 11 12 7
[CMVM1.2] 30 28 21 21 18 16 9 9 7
[CMVM2.1] 30 29 19 19 17 14 10 9 7
[CMVM2.2] 31 26 23 18 17 15 10 8 6
[CMVM2.3] 18 26 10 13 9 6 4 5 3
[CMVM3.1] 0 2 1 1 2 0 0 0 0
[CMVM3.2] 5 2 5 4 3 3 1 0 0
[CMVM3.3] 4 3 3 3 5 2 2 1 1
[CMVM3.4] 7 5 3 8 6 2 0 2 1
[CMVM3.5] 2 4 2 4 3 1 0 1 0
[CMVM3.6] 0 0 0 0 0 0 0 0 0
[CMVM3.7] 0 0 0 0 0 0 0 0 0
